1064965 12503
1064965 41724
1064965 70452
425991 12503
319501 12503
991247 12503
1302548 12503
1089571 12503
1089571 1557759
16452 12503
827463 875879
1155145 1592088
393290 12503
1523796 12503
1523796 78182
1523796 406794
1523796 1514229
49255 12503
1499282 12503
1228954 12503
1228954 78182
1228954 560856
1228954 941285
802982 12503
802982 241927
819368 12503
811181 12503
811181 78182
835763 12503
1204404 12503
1204404 78182
1605823 12503
1605823 906167
1212616 90098
73943 12503
327903 12503
524530 12503
524530 639677
270603 12503
426258 12503
8469 12503
8469 1307587
426266 12503
983327 1271180
377127 12503
1491241 12503
434473 12503
434473 913917
237869 813284
1589568 12503
516444 12503
516444 106931
352630 12503
1458558 12503
500132 12503
500132 78182
991654 12503
876967 12503
1073577 12503
25006 12503
25006 231996
106931 12503
106931 78182
106931 1224891
811458 64145
876995 359295
860621 12503
262609 12503
262609 913917
401888 12503
393698 571724
1581553 12503
229914 12503
229914 1492486
229914 1554205
25155 12503
254533 12503
254533 78182
254533 79790
688715 12503
361039 12503
860774 12503
1237625 12503
1229439 560856
631425 12503
1507981 12503
1458834 906167
311963 12503
918171 12503
1516194 499095
1516194 508931
1516194 1502352
238247 12503
959161 12503
639677 12503
639677 524530
959209 12503
1483500 12503
631539 12503
41724 12503
41724 1064965
819992 12503
795 12503
213795 12503
213795 1242500
287527 12503
287527 626059
869159 12503
869159 289484
869159 797865
869159 922724
312104 1513726
1467185 12503
1467185 78182
1467185 1123601
377656 12503
262979 12503
1270602 12503
230221 12503
1483598 504495
508761 12503
508761 919698
1516383 12503
664418 687799
33665 12503
500615 12503
500615 830405
500615 1142947
500615 1455252
1516441 12503
451495 12503
1328044 12503
1319853 12503
861138 12503
861138 106931
893907 12503
893907 106931
893907 353764
893907 460612
1524693 12503
1287137 12503
1336316 1296465
508931 1516194
877574 12503
877574 78182
910360 12503
1213465 12503
1098780 718893
1098780 812986
1098780 891262
1098780 1022399
713782 12503
713782 55671
713782 571399
713782 718893
42039 12503
42039 78182
910404 12503
910404 232106
607309 12503
246866 12503
451681 12503
214116 12503
50277 12503
50277 793058
861291 12503
861291 1495674
1614956 1011798
509042 12503
459899 12503
1492106 12503
1664147 12503
967842 12503
1483941 454150
812199 12503
255152 12503
1696964 12503
1492171 1308252
1492171 1592088
1287371 6861
1287371 12503
1287371 479562
1287371 812986
1238222 530199
1270991 12503
1467609 12503
66777 12503
1000679 12503
1082604 12503
1549551 1455191
83194 12503
1557759 1089571
460041 12503
1123601 1467185
828702 12503
75058 12503
75058 1538860
492854 235600
238909 78182
66899 1485434
353665 521757
353665 882287
648585 12503
1271180 983327
804270 12503
804270 106931
1287647 12503
263650 12503
353764 244108
353764 893907
353764 913917
853477 12503
378343 12503
550386 913917
1549815 12503
17924 12503
1492486 227403
1492486 229914
1492486 521757
1492486 531208
1492486 804979
1066531 12503
1066531 1224891
1656377 1044910
558655 12503
1484361 12503
1484361 454150
1484361 908438
665165 12503
665165 106931
624220 12503
624220 893907
517742 78182
1738383 12503
468627 12503
706197 12503
706197 78182
902805 12503
345783 12503
509626 12503
509626 845603
509626 913917
288457 12503
911057 241927
911057 284901
911057 1242849
861910 812986
730865 596427
1115890 12503
722675 12503
599799 571724
255743 12503
255743 78182
247568 12503
509721 12503
509721 845603
460612 893907
919411 12503
296819 12503
575360 12503
878471 84341
1640329 12503
1083273 12503
886671 944039
92056 12503
1206179 12503
944039 12503
944039 886671
296881 12503
812986 796781
812986 799855
812986 1718367
395201 12503
1083339 12503
59340 12503
698317 12503
452564 12503
1361890 12503
1198075 12503
460805 12503
1493007 12503
878611 12503
1263639 12503
346156 12503
346156 440706
1280045 12503
1280045 250832
575534 12503
272428 12503
272428 231996
542769 12503
854076 1557759
1296465 253152
1296465 1336316
1673298 12503
1673298 106931
1673298 812986
1296466 12503
51288 12503
51288 25006
616542 12503
796781 799855
796781 812986
796781 996326
796781 1002489
796781 1718367
804979 12503
804979 227403
804979 1492486
936056 3266
936056 12503
919698 508761
1239218 12503
321762 12503
813284 12503
813284 78182
813284 237869
813284 571399
813284 643057
1485036 32469
1485036 1630199
723198 12503
723198 1592088
1591552 12503
1739044 377656
1739044 1592088
1681701 12503
796965 12503
35113 12503
35113 78182
1460535 12503
1132862 12503
1132862 1215643
821570 12503
854343 12503
854343 78182
854343 1042811
248153 12503
1616226 1284261
18803 12503
84341 81001
477561 12503
477561 646447
477561 1012040
1042811 78182
1042811 891262
1042811 1592088
895363 12503
1280395 12503
1280395 1117195
43410 12503
2472 12503
2472 78182
10735 12503
10735 78182
10735 106931
10735 913917
248345 856705
1075740 1006440
1559086 904082
231990 12503
231996 12503
231996 25006
231996 244108
231996 1251577
379460 12503
379460 78182
838218 12503
240219 12503
576115 12503
1485434 12503
1485434 66899
1485434 509611
1485434 967842
215680 12503
215680 64145
215680 1012040
445073 12503
494241 1708204
232106 12503
232106 31923
232106 1219502
625337 12503
625337 1711854
43705 12503
797381 12503
289484 32384
289484 79790
289484 869159
903889 12503
903889 78182
903889 1592088
1305305 979839
1067743 12503
1256159 12503
1460963 1741066
1501931 1242849
2811 12503
2811 646861
1452807 531208
1534736 86676
1592088 12503
1592088 78182
1592088 274686
1592088 678786
1592088 875523
1592088 902213
1592088 1042811
1592088 1492171
1592088 1494614
854808 12503
1493799 244108
1592108 12503
314155 12503
1657646 12503
76617 12503
371530 12503
371530 454150
494420 1460963
338808 12503
453500 845603
904082 1559086
297880 12503
560029 12503
887719 12503
347048 347414
895947 12503
109548 1620337
1346546 1071749
1494009 12503
1494009 1012040
1002489 12503
1002489 106931
1002489 479562
1002489 568519
1002489 796781
1453058 1037928
1149969 12503
1092629 12503
109591 12503
691224 884236
60443 12503
27679 12503
1346592 12503
1346592 1279676
347170 12503
347170 78182
797736 50277
248880 12503
920636 12503
920636 454150
920636 504495
920636 1044910
257087 12503
257087 78182
257087 913917
330816 12503
330816 1022546
248900 1306034
232547 267219
232547 517103
830582 12503
1027203 12503
380046 12503
1502352 1516194
1150102 12503
1215643 12503
1215643 718917
1215643 1132862
1215643 1473967
248991 12503
248991 78182
797865 12503
797865 869159
797865 873657
1641647 12503
486583 12503
486583 231996
3266 78182
1043650 12503
1043650 1592088
568519 479562
568519 1002489
888021 12503
822494 84341
822494 254533
822494 455153
838889 12503
68844 12503
797945 12503
797945 236199
797945 893907
314630 12503
314630 430038
814342 12503
347414 347048
240923 12503
1510703 480484
1322290 12503
1469763 12503
453963 12503
937301 12503
806230 12503
920924 12503
904550 12503
1035623 12503
1035623 906167
1002855 12503
1248623 12503
454000 12503
454000 908438
806259 12503
806259 1071749
28023 12503
273790 12503
363905 12503
626059 12503
1289612 12503
273806 12503
298411 12503
1306034 12503
1306034 1060919
1002931 12503
1707455 919698
445894 571724
60871 12503
568782 869159
568782 1473967
568782 1592088
241107 12503
1248728 12503
1224169 12503
847359 12503
454150 1484361
28170 12503
1019414 12503
232992 12503
413237 12503
855608 12503
44604 12503
1494614 12503
1494614 1592088
446038 12503
446038 50277
446038 845603
446038 1012040
77405 12503
77405 454000
536162 12503
536162 409390
544363 12503
872052 12503
446068 12503
388742 12503
233132 12503
896693 12503
3765 12503
1593013 996764
601781 12503
560856 845603
560856 990681
560856 1229439
560856 1554205
700127 846713
896754 12503
216856 12503
233252 12503
12074 12503
216887 12503
438105 12503
1511268 908614
216933 12503
626535 12503
1027954 12503
585623 12503
1290139 12503
241564 12503
929701 12503
929701 406794
913325 12503
855996 12503
1699780 12503
503757 12503
61392 12503
61392 78182
430038 12503
430038 314630
421849 12503
53219 12503
643057 12503
241652 12503
1011708 12503
1011708 1485434
651271 389799
856086 12503
1060919 1306034
45119 12503
1495109 12503
266321 12503
1454163 12503
1011798 1614956
1052771 12503
1052771 78182
1609832 225459
20597 12503
1290384 12503
1290384 78182
1290384 652408
790685 12503
1699998 12503
1142947 12503
512169 12503
274604 12503
102572 12503
1708204 494241
1708204 744949
643250 12503
225459 1609832
1233074 12503
929973 12503
1224891 12503
1224891 106931
1487036 12503
1487036 78182
331963 12503
495811 12503
897241 12503
1749217 12503
1749217 229914
856300 12503
856300 78182
299247 12503
274686 12503
274686 78182
487687 12503
241927 911057
241927 1234504
381193 1636611
1741066 12503
1741066 1460963
848153 12503
94489 12503
94489 564111
463141 81001
856363 12503
282927 12503
217416 12503
1012040 215680
1012040 1494009
479562 45946
479562 568519
479562 1002489
479562 1284261
479562 1287371
479562 1316607
78182 12503
78182 254533
78182 1242849
397674 12503
397674 564111
397674 941285
1274223 12503
856442 12503
856442 106931
233900 12503
930231 12503
930231 267306
930231 913325
930231 1504166
1479104 12503
1061313 12503
741826 12503
831951 12503
831955 78182
78300 86676
1544670 12503
455153 12503
913917 1022399
217602 12503
217602 78182
856584 12503
455183 106931
283165 12503
242209 227403
242209 454150
242209 873657
242209 913917
242209 1242849
897571 12503
1495592 12503
848444 12503
348748 6691
488013 12503
864880 12503
1495674 12503
856705 12503
856705 78182
856705 248345
1102480 12503
1102480 78182
1372816 12503
86676 12503
86676 1534736
389799 651271
504495 3266
504495 12503
504495 920636
971471 12503
1315544 216887
1209049 12503
1209049 571399
217818 12503
791270 12503
807677 12503
848654 12503
848654 78182
1463055 12503
250649 12503
226088 12503
1159984 12503
70452 1064965
1504057 12503
930618 71076
1471306 106931
45946 479562
45946 521757
45946 812986
979839 12503
979839 1305305
660365 12503
1504166 12503
1504166 892804
1504166 930231
906167 12503
1307587 8469
799693 12503
250832 1280045
267219 86676
267219 232547
111573 12503
111573 1042811
111573 1072613
111573 1473967
512983 12503
996326 796781
996326 1718367
734198 12503
267306 930231
267306 1504166
46128 12503
46128 78182
463930 12503
1209418 12503
1299542 12503
1299542 523344
1455191 12503
1455191 579350
1455191 1549551
922724 12503
922724 521757
922724 531208
922724 869159
799855 479562
799855 796781
799855 812986
799855 1718367
652408 1290384
873596 12503
808068 845603
889991 269221
1455252 500615
1455252 1142947
1635497 12503
873657 242209
873657 797865
873657 941285
472250 12503
955578 12503
1463485 12503
488651 890507
488651 1488555
898252 12503
251093 12503
251093 353764
1463510 12503
234709 12503
529631 12503
480484 12503
480484 1510703
644327 12503
644327 440706
644327 454150
644327 504495
1299714 12503
406794 12503
406794 660077
406794 929701
406794 931695
406794 1523796
5402 12503
1537312 12503
1488163 12503
693551 12503
808243 479462
1660222 12503
1660222 98615
1660222 1592088
1652042 12503
21834 12503
857430 12503
857430 522166
701806 12503
701806 78182
963951 12503
939389 521757
939389 1227780
1242500 12503
87429 43557
1234310 12503
996764 1593013
71076 744949
71076 930618
1512876 12503
660926 12503
660926 449495
660926 799855
660926 812986
505283 12503
38342 1163762
1283560 12503
513521 12503
513521 78182
300532 12503
423422 12503
1668614 12503
480779 12503
1504794 12503
521757 79790
521757 939389
521757 1492486
1644086 12503
1234504 12503
1234504 241927
1308252 12503
1308252 78182
1308252 440706
1308252 1280045
1308252 1492171
63075 12503
890507 12503
890507 488651
890507 908438
595595 12503
1488555 12503
1488555 488651
317104 283309
317104 285757
317104 1238177
857776 12503
235198 12503
972494 12503
915151 12503
915151 913917
1545938 12503
374488 1474351
1242849 12503
1242849 78182
1242849 911057
1242849 913917
489187 12503
489187 1513548
349924 12503
857830 12503
972534 78182
1488633 12503
1316607 479562
1701648 12503
374546 12503
1013525 12503
579350 1455191
579350 1549551
1488661 12503
1554205 229914
1554205 531208
956206 12503
718671 479562
1611612 12503
358237 12503
956255 78182
218982 12503
218982 78182
218982 1592088
915304 12503
464743 12503
931695 406794
1070973 12503
1611647 12074
1611647 12503
1611647 32469
1611647 78182
1611647 1250986
808845 106931
448400 12503
448400 913917
448400 1592088
677782 743808
522137 12503
448414 12503
1087399 12503
817065 106931
268202 12503
268202 454150
268202 913917
79790 12503
79790 78182
79790 254533
79790 289484
79790 521757
79790 1072613
79790 1242849
79790 1497154
1480640 12503
104400 12503
350178 12503
1488870 12503
1488870 106931
571399 12503
1087513 12503
718893 479562
718893 713782
718893 799855
718893 812986
1030198 1609832
1497154 79790
1497154 1242849
718917 12503
718917 78182
718917 1132862
718917 1215643
718917 1647494
718917 1664147
1374278 12503
227403 242209
227403 804979
227403 1492486
1513548 12503
1513548 84341
1513548 289484
1513548 489187
1513548 521757
1513548 822494
1513548 914110
1513548 1484361
292944 12503
235600 12503
235600 492854
47194 12503
1718367 796781
1718367 799855
1718367 812986
1718367 996326
505980 12503
63644 12503
1284261 479562
1284261 1616226
63668 12503
1693878 12503
899286 12503
456923 12503
1554659 1455191
284901 90098
284901 911057
1251577 231996
1513726 12503
1513726 66785
1513726 312104
1513726 1480640
1636611 12503
14635 12503
1456429 77107
1456429 1606587
1481006 12503
1554745 12503
596282 12503
801086 12503
457024 12503
276802 12503
964933 845603
1055050 12503
571724 12503
1251663 106931
1251663 438105
555346 12503
670040 12503
465242 12503
465242 454150
465242 893907
653661 1211508
1046888 214116
1620337 12503
1620337 109548
891262 613813
743808 677782
440706 346156
1505671 12503
244108 56271
244108 231996
244108 353764
244108 1242849
244108 1493799
1022399 913917
940482 12503
743880 78182
743880 479562
596427 730865
22991 12503
793058 50277
1300978 12503
1661434 12503
956938 12503
72208 595595
1284625 12503
1038877 78182
6691 348748
6691 508931
956966 12503
956966 873657
465453 12503
465453 78182
653875 12503
219712 12503
219712 78182
506490 1012040
1071749 1346546
531082 12503
64145 12503
1309337 12503
236199 353764
236199 797945
1366702 12503
1096377 12503
1071810 1511328
875208 12503
6861 12503
6861 1287371
1678056 1714399
908009 12503
908009 432988
1276660 12503
531208 922724
531208 1452807
531208 1492486
531208 1554205
1514275 12503
1538860 75058
269106 12503
432947 454150
285520 12503
432988 12503
432988 908009
260956 12503
80737 12503
80737 1242849
1006440 1075740
359272 12503
957296 12503
1686396 12503
359295 876995
678786 12503
678786 78182
678786 913917
678786 1592088
564111 12503
564111 94489
564111 397674
269221 12503
269221 889991
1219502 232106
1219502 1015354
80818 12503
56271 822494
1563606 12503
449495 12503
449495 55671
1579996 12503
31716 106931
826347 12503
56311 12503
56311 1015354
900094 12503
564224 908754
875523 12503
875523 78182
875523 728312
875523 1242849
875523 1592088
1227780 939389
433182 12503
244775 12503
1088556 12503
285757 12503
285757 908438
285757 913917
285757 1549551
523344 12503
916584 479562
81001 84341
81001 1474493
384113 12503
1211508 12503
1211508 653661
949365 86676
31865 12503
31865 314630
1014911 12503
1014911 78182
818307 12503
1604744 12503
908438 376093
908438 454000
908438 1474493
908438 1484361
867485 12503
1490086 12503
31923 12503
31923 232106
1727677 512956
1637580 12503
253152 12503
941285 397674
941285 465242
941285 521757
941285 643057
941285 799855
941285 812986
941285 873657
990437 12503
457969 1599576
728312 12503
728312 106931
728312 643057
728312 678786
728312 1042811
728312 1072613
48378 12503
48378 1233074
1031426 12503
1293574 12503
916743 12503
613643 12503
376093 908438
646447 12503
646447 477561
48444 12503
1539391 12503
908614 12503
908614 1511268
367952 12503
539989 12503
875879 12503
875879 827463
875879 893934
433540 50277
433540 794364
818564 12503
810377 12503
621971 12503
32172 12503
32172 265225
1473967 12503
613813 12503
613813 891262
1244597 12503
605623 12503
48569 12503
1678788 12503
310736 277492
908754 61342
908754 564224
990681 560856
966107 12503
1072613 12503
1072613 78182
1072613 79790
1072613 1042811
392681 12503
392681 1250986
450029 12503
826868 12503
1662454 12503
1662454 908438
744949 71076
744949 1708204
1719800 445073
884236 691224
1498640 12503
1498640 78182
1498640 913917
1015354 1219502
515645 12503
1515074 12503
1515074 454150
1515074 913917
433739 12503
433739 78182
24158 432988
24158 1592088
220767 12503
515710 12503
515710 913917
32384 289484
605827 12503
687799 664418
1613501 12503
646861 2811
220879 12503
753359 12503
32469 1485036
851680 12503
1711854 625337
1548018 12503
794364 433540
556820 12503
556820 109548
1662741 12503
1056540 12503
40743 12503
409390 536162
1474351 12503
1474351 374488
507707 12503
1711940 12503
343891 12503
343891 78182
794456 12503
1277803 12503
892804 1504166
409483 12503
524178 12503
1048476 12503
1613735 12503
868265 12503
1474493 12503
1474493 81001
1474493 454000
1474493 908438
1474493 1242849
466883 1729512
458702 12503
917457 12503
1695705 12503
1073131 12503
90098 12503
90098 284901
90098 1212616
286708 12503
286708 78182
1630199 1485036
73726 12503
73726 919698
